#SEED: 0.39410683675669134
SAT0,-24.908884261732823,-68.50750179790165,511.7333641849671
SAT1,37.25574405558571,106.58091975927613,431.1873522475095
SAT2,38.31209614813059,-5.1741922041652515,329.1743627231273
SAT3,80.82602881846694,-163.04238857923352,578.1390994340204
SAT4,-87.09318475952217,73.2514788232146,417.6497994870383
SAT5,57.48926248574179,177.90430999245228,328.29184299596324
SAT6,21.054778989683413,129.94363520790176,397.3433493628477
SAT7,88.93798546883693,-149.53663253348373,542.2226830862007
SAT8,51.08747722365638,152.43376610885053,531.4903666059724
SAT9,23.939245259430976,-51.6428247569429,447.6078793214243
SAT10,-57.5442155507104,99.4964606389538,681.6442969381438
SAT11,-6.288386616478334,-133.46076951866232,624.9913156441553
SAT12,-80.81601375173368,-121.88567128247087,618.1284026706618
SAT13,52.2289588804058,91.54684129248108,307.96642824706873
SAT14,-59.80179572812645,-127.5953407373589,454.3351149225946
SAT15,-12.814253047384568,139.1982545503986,363.05342927797074
SAT16,-38.86321690064886,-63.45107117320043,680.833876975983
SAT17,-34.73531873446855,75.12813168234715,441.3553091999341
SAT18,-30.07411198382377,122.4512398927966,412.7053548172175
SAT19,6.8093821496157005,17.04028332048574,320.4643053051122
ROUTE,63.74070615970271,-128.2624101872455,-50.43133769361013,-88.13121897174308